gop1:width=1440,height=810
135
gop2:width=480,height=270
138
138
139
140
141
142
143
144
145
146
147
148
149
150
151
152
153
154
155
156
157
158
159
160
161
162
163
164
165
166
167
168
169
170
171
172
173
174
176
176
177
178
180
180
181
183
183
184
185
186
187
188
189
190
191
192
193
194
195
196
197
198
199
200
201
202
203
204
205
206
207
208
209
210
211
212
213
214
215
216
217
218
219
220
221
222
223
224
225
226
227
228
229
230
231
232
233
234
235
236
237
238
239
240
241
242
243
244
245
246
247
248
249
250
251
252
253
254
255
256
257
258
259
260
261
262
263
264
265
266
267
268
269
270
271
272
273
274
275
276
277
278
279
280
281
282
283
284
285
286
287
288
289
290
291
292
293
294
295
296
297
298
299
300
301
302
303
304
305
306
307
308
309
310
311
312
313
314
315
316
317
318
320
320
321
322
324
324
325
327
327
328
330
330
332
332
333
334
335
336
337
338
339
340
342
342
343
344
345
346
347
349
349
350
351
352
353
354
355
356
358
358
359
360
361
362
363
364
365
366
367
368
369
370
371
372
373
374
375
376
377
378
379
380
381
382
383
384
385
386
387
388
389
390
391
392
393
394
395
396
397
398
399
400
401
402
403
404
405
406
407
408
409
410
411
412
413
414
415
416
417
418
419
420
421
422
423
424
425
426
427
428
429
430
431
432
433
434
435
436
437
438
439
440
441
442
443
444
445
446
447
448
449
450
451
452
453
454
455
456
457
458
459
460
461
462
463
464
465
466
467
468
469
470
471
472
473
474
475
476
477
478
479
480
481
482
483
484
485
486
487
488
490
490
491
492
493
494
495
496
497
498
499
500
501
502
503
504
505
506
507
508
509
510
511
512
513
514
515
516
517
518
519
520
521
522
523
524
525
526
527
528
529
530
531
532
533
534
535
536
537
538
539
540
541
542
543
544
545
546
547
548
549
550
551
552
553
554
555
556
557
558
559
560
561
562
563
564
565
566
567
568
569
570
571
572
573
574
575
576
577
578
579
580
581
582
583
584
585
586
587
588
589
590
591
592
593
594
595
596
597
598
599
600
601
602
603
604
605
606
607
608
609
610
611
612
613
614
615
616
617
618
619
620
621
622
623
624
625
626
627
628
629
630
631
632
633
634
635
636
637
638
639
640
641
642
643
644
645
646
647
648
649
650
651
652
653
654
655
656
657
658
659
660
661
662
663
664
665
666
667
668
669
670
671
672
673
gop3:width=720,height=405
675
675
677
677
679
680
681
681
682
684
685
685
687
687
689
690
690
692
693
693
695
696
696
697
698
699
700
701
703
703
704
705
706
708
708
709
711
712
712
713
714
715
716
717
718
719
720
721
722
724
725
725
727
727
728
730
731
731
732
734
735
735
737
738
739
740
741
741
742
743
744
745
746
747
748
749
751
751
753
753
755
756
757
758
758
760
760
761
763
763
764
765
767
767
768
769
770
772
773
773
775
775
776
778
778
779
781
781
782
784
784
786
786
787
788
789
790
791
792
794
795
795
796
797
798
799
800
802
802
804
805
805
807
808
809
810
811
811
813
814
815
815
816
817
818
820
821
821
822
823
826
826
827
828
830
830
832
833
834
835
836
837
838
840
841
842
842
843
844
844
846
846
848
849
850
851
852
852
854
855
855
857
858
858
860
860
862
863
864
864
866
867
867
869
870
871
872
873
874
874
876
877
877
879
880
881
882
883
884
884
886
887
887
889
890
890
892
893
893
894
896
897
898
899
900
901
902
903
904
905
906
906
908
909
909
911
912
913
914
915
916
917
918
919
920
921
922
923
924
925
926
927
928
929
930
931
932
933
934
935
936
937
938
939
940
941
942
943
944
945
946
947
948
949
950
951
952
953
954
955
956
957
957
958
960
961
962
963
964
965
966
966
967
969
970
971
972
973
974
975
976
977
978
979
980
981
982
983
984
985
986
986
988
989
989
991
992
992
993
995
995
997
998
999
1000
1001
1001
1003
1003
1005
1006
1006
1008
1009
1010
1011
1012
1013
1014
1015
1016
1017
1018
1019
1020
1021
1022
1023
1024
1024
1026
1026
1027
1028
1030
1030
1032
1033
1033
1035
1036
1037
1038
1039
1040
1041
1042
1043
1043
1045
1046
1046
1048
1049
1050
1051
1052
1052
1054
1055
1056
1057
1058
1058
1059
1061
1061
1063
1064
1065
1066
1067
1068
1068
1070
1071
1072
1072
1074
1075
1076
1077
1078
1078
1080
1081
1081
1083
1084
1084
1086
1087
1088
1089
1090
1091
1091
1093
1094
1095
1096
1097
1098
1099
1100
1101
1102
1103
1104
1105
1106
1107
1108
1109
1109
1110
1112
1113
1114
1115
1116
1116
1118
1119
1119
1121
1122
1123
1124
1125
1126
1126
1128
1129
1130
1131
1132
1132
1133
1135
1135
1136
1138
1138
1140
1141
1142
1142
1143
1145
1146
1147
1148
1149
1150
1151
1151
1153
1154
1155
1156
1157
1158
1159
1160
1161
1162
1163
1164
1164
1166
1167
1168
1169
1170
1171
1172
1173
1173
1175
1175
1177
1177
1179
1180
1181
1182
1183
1183
1185
1185
1186
1188
1189
1189
1191
1191
1193
1194
1195
1196
1196
1198
1199
1200
1200
1202
1203
1204
1204
1205
1206
1208
1208
1210
1211
1212
1213
1214
1215
1216
1217
1218
1219
1220
1221
1222
1223
1224
1225
1226
1227
1228
1229
1230
1231
1232
1233
1234
1235
1236
1237
1238
1239
1240
1241
1242
1243
1244
1245
1246
1247
1248
1249
1250
1251
1252
1253
1254
1255
1256
1257
1258
1259
1260
1261
1262
1263
1264
1265
1266
1267
1268
1269
1270
1271
1272
1272
1274
1275
1276
1277
1277
1279
1279
1281
1282
1283
1284
1285
1286
1287
1288
1289
1289
1291
1291
1293
1294
1295
1296
1297
1298
1298
1300
1301
1301
1303
1304
1304
1305
1307
1308
1309
1309
1310
1312
1313
1313
1314
1316
1317
1318
1319
1320
1321
1322
1323
1323
1325
1326
1326
1328
1329
1330
1331
1332
1333
1334
1335
1336
1337
1338
1339
1340
1341
1342
1342
1344
1345
1346
1347
1348
1349
1349
1351
1352
1353
1353
1355
1355
1357
1358
1359
1359
1361
1362
1363
1364
1365
1365
1367
1367
1368
1370
1371
1371
1373
1374
1374
1376
1377
1377
1379
1380
1381
1382
1383
1384
1385
1386
1387
1388
1389
1390
1390
1392
1393
1393
1395
1396
1397
1398
1399
1400
1401
1402
1403
1404
1405
1406
1407
1408
1409
1410
1411
1412
1413
1414
1415
1416
1417
1418
1419
1420
1421
1422
1423
1424
1425
1426
1427
1428
1429
1430
1431
1432
1433
1434
1435
1435
1437
1438
1438
1440
1441
1442
1443
1444
1445
1446
1447
1448
1449
1450
1451
1452
1453
1454
1455
1456
1457
1458
1458
1460
1461
1462
1463
1464
1465
1466
1467
1468
1469
1470
1471
1472
1473
1474
1475
1476
1477
1478
1479
1480
1481
1482
1483
1484
1485
1486
1486
1488
1488
1490
1491
1491
1493
1494
1495
1496
1497
1498
1498
1500
1501
1502
1503
1504
1505
1505
1506
1508
1509
1510
1511
1511
1513
1514
1514
1516
1517
1518
1518
1520
1521
1521
1523
1524
1525
1525
1527
1527
1529
1530
1531
1532
1533
1533
1534
1535
1537
1538
1539
1539
1540
1542
1543
1543
1545
1546
1547
1548
1549
1550
1551
1552
1553
1554
1555
1556
1556
1558
1559
1560
1561
1562
1563
1564
1565
1566
1567
1568
1568
1570
1571
1572
1573
1574
1575
1575
1577
1578
1579
1580
1581
1581
1583
1584
1585
1586
1587
1588
1588
1590
1591
1591
1592
1594
1595
1595
1597
1598
1599
1600
1601
1602
1602
1603
1605
1606
1607
1607
1609
1610
1611
1612
1613
1614
1615
1616
1617
1618
1619
1620
1621
1622
1623
1623
1625
1626
1627
1628
1629
1630
1631
1632
1633
gop4:width=960,height=540
1634
1635
1635
1637
1638
1639
1640
1641
1641
1642
1643
1644
1645
1647
1647
1648
1649
1650
1651
1652
1653
1654
1656
1656
1657
1658
1659
1661
1661
1662
1663
1664
1665
1667
1667
1668
1669
1670
1671
1672
1673
1674
1675
1676
1677
1678
1680
1680
1682
1682
1683
1684
1685
1686
1688
1689
1690
1690
1691
1693
1693
1694
1695
1696
1697
1699
1699
1700
1701
1702
1703
1704
1705
1706
1707
1708
1709
1710
1711
1712
1714
1715
1715
1717
1717
1718
1720
1720
1721
1722
1724
1726
1727
1728
1728
1729
1731
1731
1733
1734
1735
1736
1737
1738
1740
1741
1742
1742
1743
1744
1744
1746
1747
1747
1748
1750
1750
1751
1753
1753
1754
1755
1756
1758
1758
1760
1760
1762
1763
1763
1764
1766
1766
1767
1768
1769
1771
1772
1773
1774
1774
1776
1776
1777
1778
1780
1781
1782
1782
1784
1785
1785
1787
1788
1788
1789
1790
1792
1792
1794
1795
1795
1797
1798
1798
1800
1801
1801
1803
1804
1805
1806
1807
1808
1809
1810
1811
1811
1813
1814
1814
1816
1817
1817
1819
1820
1821
1822
1823
1824
1825
1826
1827
1828
1829
1830
1831
1832
1833
1834
1835
1836
1837
1838
1839
1840
1841
1842
1843
1844
1845
1846
1847
1848
1849
1850
1851
1852
1852
1854
1855
1855
1857
1858
1858
1859
1861
1861
1862
1863
1864
1865
1866
1867
1868
1869
1870
1871
1872
1873
1874
1876